1_4test_matrices/Tina_AskCal 0.005047 0.004224 0.000309 0.001364 8 24 128 39
1_4test_matrices/rail516 57.406646 44.649244 0.010171 15.674729 118030 274629 1888480 396375
1_4test_matrices/lp_pds_10 20.783035 13.108396 0.037595 8.876309 98185 107240 1570960 109100
1_4test_matrices/ch7-9-b5 496.672842 387.845966 0.636816 146.473976 1209206 2490047 19347296 2665761
1_4test_matrices/nh2010 50.007981 31.653140 0.083840 18.135655 197092 234297 3153472 235647
1_4test_matrices/TF17 111.590120 87.249935 0.068585 42.627793 406704 578788 6507264 606204
1_4test_matrices/wy2010 82.625281 53.964614 0.157085 34.142745 363100 427039 5809600 429808
1_4test_matrices/shar_te2-b3 154.086602 114.192747 0.344665 53.739231 522658 794422 8362528 819213
1_4test_matrices/il2010 412.739199 273.969137 0.804864 177.271152 1826785 2162228 29228560 2173370
1_4test_matrices/mc2depi 371.066157 289.760967 0.927558 95.188128 648698 1724681 10379168 2695571
1_4test_matrices/ut2010 112.447909 72.183140 0.215315 48.031479 504954 571680 8079264 573645
1_4test_matrices/lp_pds_02 4.666057 2.304363 0.007062 1.317562 15095 16506 241520 16836
