test_matrices/Tina_AskCal 0.004942 0.003243 0.000310 0.001431 8 17 128 50
test_matrices/rail516 51.648005 29.158856 0.010459 16.595021 118030 164530 1888480 585830
test_matrices/lp_pds_10 27.146780 12.328905 0.035999 9.478200 98185 99194 1570960 124790
test_matrices/ch7-9-b5 447.140970 248.192236 0.582076 153.598602 1209206 1455273 19347296 4717888
test_matrices/IG5-18 402.758282 232.719120 0.084029 136.522338 1289095 1425800 20625520 2446987
test_matrices/modified-webbase-1M 483.219659 248.111839 1.824922 149.405995 926686 1504820 14826976 5793602
test_matrices/nh2010 63.408191 29.524245 0.079867 19.996865 197092 204209 3153472 292533
test_matrices/TF17 132.059733 76.025694 0.063278 44.874499 406704 472120 6507264 798050
test_matrices/wy2010 101.925717 49.222049 0.143422 37.479346 363100 369497 5809600 537486
test_matrices/shar_te2-b3 168.704735 92.938567 0.321916 59.247219 522658 587049 8362528 1331563
test_matrices/il2010 516.581343 248.177452 0.757502 186.219350 1826785 1875448 29228560 2716398
test_matrices/mc2depi 281.621069 160.336090 0.844339 103.606742 648698 836712 10379168 3706935
test_matrices/ut2010 140.638840 67.248542 0.196286 50.561217 504954 511350 8079264 688257
test_matrices/lp_pds_02 5.495081 2.164860 0.006703 1.386369 15095 15290 241520 19172
test_matrices/roadNet-PA 638.751629 394.197681 2.267859 245.813634 1961799 2175231 31388784 5075852
500_block_test_matrices/rail516 49.800396 33.119455 0.012906 21.003436 118030 164594 1888480 585458
500_block_test_matrices/shar_te2-b3 165.449643 103.090193 0.396741 58.499117 522658 587066 8362528 1331442
500_block_test_matrices/lp_pds_02 5.869279 2.256476 0.007075 1.460563 15095 15288 241520 19182
2000_block_test_matrices/rail516 49.979381 33.330843 0.012038 17.611539 118030 164594 1888480 585239
2000_block_test_matrices/shar_te2-b3 167.291762 104.658651 0.382021 59.097912 522658 587139 8362528 1331389
2000_block_test_matrices/lp_pds_02 5.618131 2.271410 0.007033 1.468664 15095 15278 241520 19265
200_block_test_matrices/rail516 48.714341 32.735575 0.013616 17.217949 118030 164405 1888480 585835
200_block_test_matrices/shar_te2-b3 165.618126 100.552724 0.393850 59.789884 522658 587119 8362528 1331425
200_block_test_matrices/lp_pds_02 5.890392 2.331637 0.008007 1.546021 15095 15286 241520 19198
